          47           1          11          48          52          35           5          46          16          30          36          18           2          41          49          19          21           7          15          25          26          45          38          33           6          39          43          31          37           3          42          50           9          20          17          13          44          24          10          28           4          51          34          32          27           8          22          23          12          29          40          14
  -643996912
       32767
  1291848818
       32668
          47
           1
          11
          48
       32767
  1291848818
       32668
          47
           1
          11
          48
          52
          35
           5
          46
  1291848818
       32668
          47
           1
          11
          48
          52
          35
           5
          46
          16
          30
          36
          18
       32668
          47
           1
          11
          48
          52
          35
           5
          46
          16
          30
          36
          18
           2
          41
          49
          19
